Scaler: StandardScaler
Columns Scaled: 12

Scaled Stats:
       supplier_rating_scaled  supplier_lead_time_scaled  shipping_distance_km_scaled  order_quantity_scaled  unit_price_scaled  total_order_value_scaled  previous_on_time_rate_scaled  delivery_delay_days_scaled  promised_lead_time_scaled  lead_time_risk_scaled  supplier_reliability_score_scaled  total_items_value_scaled
count            1.000000e+03               1.000000e+03                 1.000000e+03           1.000000e+03       1.000000e+03              1.000000e+03                  1.000000e+03                1.000000e+03               1.000000e+03           1.000000e+03                       1.000000e+03              1.000000e+03
mean            -6.039613e-17              -3.375078e-17                 2.131628e-17           1.350031e-16       6.750156e-17             -6.039613e-17                 -3.685940e-16               -4.263256e-17              -3.375078e-17          -3.019807e-17                       6.572520e-17             -5.861978e-17
std              1.000500e+00               1.000500e+00                 1.000500e+00           1.000500e+00       1.000500e+00              1.000500e+00                  1.000500e+00                1.000500e+00               1.000500e+00           1.000500e+00                       1.000500e+00              1.000500e+00
min             -1.725524e+00              -2.212469e+00                -8.728657e-01          -2.533108e+00      -1.693073e+00             -1.476317e+00                 -1.750703e+00               -1.092008e+00              -2.212469e+00          -2.212469e+00                      -1.769398e+00             -1.476317e+00
25%             -8.382934e-01              -8.772434e-01                -6.067573e-01          -6.080100e-01      -8.795912e-01             -8.128989e-01                 -8.692250e-01               -6.769536e-01              -8.772434e-01          -8.772434e-01                      -7.973207e-01             -8.128989e-01
50%             -3.253177e-03               1.290718e-02                -3.767239e-01           3.368921e-02       1.450133e-02             -1.349008e-01                  1.225254e-02               -2.618993e-01               1.290718e-02           1.290718e-02                      -9.100576e-02             -1.349008e-01
75%              8.230887e-01               4.579825e-01                 1.546020e-01           6.753884e-01       8.437550e-01              6.435641e-01                  8.937301e-01                5.682093e-01               4.579825e-01           4.579825e-01                       7.358551e-01              6.435641e-01
max              1.753811e+00               3.573510e+00                 4.621214e+00           3.563035e+00       1.773386e+00              3.769551e+00                  1.687060e+00                3.473589e+00               3.573510e+00           3.573510e+00                       2.466217e+00              3.769551e+00